[minu2.jpg]
filters=bw=1;PencilSketch=1,2.000000,153.216370,50.877197;Orton=1,32.456142,35.672516,32.163742;Boost=1,46.198830;
moddate=182925a5a321d401
width=420
height=432
textactive=0
